m4 = 1024 * 1024 * 4 / 8

m7 = 512 * 512 * 7 / 8

c9 = 1024 * 1024 * 27 / 8

c8 = 2048 * 2048 * 24 / 8

% Tem pouco nivel de intensidade para muita area
